row	column	size
1	1	1948.000000
2	1	1849.000000
3	1	1794.000000
4	1	2050.000000
5	1	1903.000000
6	1	1825.000000
7	1	1824.000000
8	1	2302.000000
9	1	1850.000000
10	1	1720.000000
11	1	1656.000000
12	1	2141.000000
13	1	1686.000000
14	1	1608.000000
15	1	1577.000000
16	1	1930.000000
17	1	1660.000000
18	1	1584.000000
19	1	1636.000000
20	1	0.000000
21	1	1687.000000
22	1	1550.000000
23	1	1524.000000
24	1	1736.000000
25	1	1540.000000
26	1	1503.000000
27	1	1494.000000
28	1	1679.000000
29	1	1537.000000
30	1	1504.000000
31	1	1524.000000
32	1	2081.000000
1	2	1847.000000
2	2	1555.000000
3	2	1443.000000
4	2	1771.000000
5	2	1552.000000
6	2	1542.000000
7	2	1557.000000
8	2	1926.000000
9	2	1660.000000
10	2	1575.000000
11	2	1532.000000
12	2	1910.000000
13	2	1536.000000
14	2	1498.000000
15	2	1481.000000
16	2	1835.000000
17	2	1547.000000
18	2	1494.000000
19	2	1569.000000
20	2	0.000000
21	2	1593.000000
22	2	1420.000000
23	2	1392.000000
24	2	1636.000000
25	2	1454.000000
26	2	1368.000000
27	2	1370.000000
28	2	1581.000000
29	2	1407.000000
30	2	1402.000000
31	2	1423.000000
32	2	1821.000000
1	3	2056.000000
2	3	1489.000000
3	3	1418.000000
4	3	1419.000000
5	3	1679.000000
6	3	1492.000000
7	3	1545.000000
8	3	1561.000000
9	3	1855.000000
10	3	1584.000000
11	3	1533.000000
12	3	1518.000000
13	3	1814.000000
14	3	1526.000000
15	3	1510.000000
16	3	1561.000000
17	3	0.000000
18	3	1545.000000
19	3	1479.000000
20	3	1533.000000
21	3	1732.000000
22	3	1439.000000
23	3	1432.000000
24	3	1419.000000
25	3	1589.000000
26	3	1431.000000
27	3	1401.000000
28	3	1389.000000
29	3	1554.000000
30	3	1417.000000
31	3	1487.000000
32	3	1609.000000
1	4	2025.000000
2	4	1438.000000
3	4	1399.000000
4	4	1383.000000
5	4	1602.000000
6	4	1484.000000
7	4	1504.000000
8	4	1539.000000
9	4	1826.000000
10	4	1522.000000
11	4	1507.000000
12	4	1520.000000
13	4	1785.000000
14	4	1440.000000
15	4	1460.000000
16	4	1530.000000
17	4	0.000000
18	4	1494.000000
19	4	1431.000000
20	4	1411.000000
21	4	1653.000000
22	4	1371.000000
23	4	1363.000000
24	4	1350.000000
25	4	1537.000000
26	4	1370.000000
27	4	1374.000000
28	4	1355.000000
29	4	1553.000000
30	4	1388.000000
31	4	1468.000000
32	4	1624.000000
1	5	1666.000000
2	5	1374.000000
3	5	1339.000000
4	5	1601.000000
5	5	1398.000000
6	5	1449.000000
7	5	1487.000000
8	5	1500.000000
9	5	1031.000000
10	5	1459.000000
11	5	1430.000000
12	5	1442.000000
13	5	832.000000
14	5	1406.000000
15	5	1376.000000
16	5	1315.000000
17	5	1381.000000
18	5	1342.000000
19	5	1318.000000
20	5	1316.000000
21	5	1323.000000
22	5	1283.000000
23	5	1291.000000
24	5	1196.000000
25	5	1278.000000
26	5	1299.000000
27	5	1282.000000
28	5	1253.000000
29	5	1355.000000
30	5	1304.000000
31	5	1389.000000
32	5	1822.000000
1	6	1723.000000
2	6	1374.000000
3	6	1326.000000
4	6	1622.000000
5	6	1469.000000
6	6	1453.000000
7	6	1424.000000
8	6	1441.000000
9	6	1002.000000
10	6	1443.000000
11	6	1418.000000
12	6	1455.000000
13	6	831.000000
14	6	1439.000000
15	6	1381.000000
16	6	1367.000000
17	6	1350.000000
18	6	1348.000000
19	6	1306.000000
20	6	1314.000000
21	6	1300.000000
22	6	1274.000000
23	6	1259.000000
24	6	1209.000000
25	6	1262.000000
26	6	1281.000000
27	6	1267.000000
28	6	1245.000000
29	6	1325.000000
30	6	1298.000000
31	6	1398.000000
32	6	1854.000000
1	7	2022.000000
2	7	1446.000000
3	7	1408.000000
4	7	1398.000000
5	7	1371.000000
6	7	1522.000000
7	7	1480.000000
8	7	1469.000000
9	7	1474.000000
10	7	1012.000000
11	7	1019.000000
12	7	990.000000
13	7	1410.000000
14	7	824.000000
15	7	823.000000
16	7	795.000000
17	7	1372.000000
18	7	1321.000000
19	7	1293.000000
20	7	1308.000000
21	7	1227.000000
22	7	1277.000000
23	7	1284.000000
24	7	1298.000000
25	7	1258.000000
26	7	1282.000000
27	7	1262.000000
28	7	1251.000000
29	7	1548.000000
30	7	1405.000000
31	7	1470.000000
32	7	1687.000000
1	8	2039.000000
2	8	1492.000000
3	8	1410.000000
4	8	1440.000000
5	8	1377.000000
6	8	1486.000000
7	8	1437.000000
8	8	1449.000000
9	8	1444.000000
10	8	1050.000000
11	8	1016.000000
12	8	1022.000000
13	8	1415.000000
14	8	831.000000
15	8	823.000000
16	8	776.000000
17	8	1359.000000
18	8	1330.000000
19	8	1267.000000
20	8	1290.000000
21	8	1202.000000
22	8	1295.000000
23	8	1304.000000
24	8	1300.000000
25	8	1266.000000
26	8	1293.000000
27	8	1253.000000
28	8	1255.000000
29	8	1564.000000
30	8	1367.000000
31	8	1477.000000
32	8	1666.000000
1	9	1741.000000
2	9	1453.000000
3	9	1397.000000
4	9	1652.000000
5	9	1489.000000
6	9	1399.000000
7	9	1389.000000
8	9	1373.000000
9	9	986.000000
10	9	1419.000000
11	9	1421.000000
12	9	1480.000000
13	9	795.000000
14	9	1413.000000
15	9	1393.000000
16	9	1341.000000
17	9	1325.000000
18	9	1334.000000
19	9	1337.000000
20	9	1318.000000
21	9	1334.000000
22	9	1307.000000
23	9	1294.000000
24	9	1239.000000
25	9	1290.000000
26	9	1270.000000
27	9	1270.000000
28	9	1240.000000
29	9	1333.000000
30	9	1313.000000
31	9	1400.000000
32	9	1877.000000
1	10	1762.000000
2	10	1490.000000
3	10	1412.000000
4	10	1667.000000
5	10	1508.000000
6	10	1400.000000
7	10	1337.000000
8	10	1376.000000
9	10	967.000000
10	10	1449.000000
11	10	1415.000000
12	10	1491.000000
13	10	793.000000
14	10	1422.000000
15	10	1424.000000
16	10	1363.000000
17	10	1363.000000
18	10	1352.000000
19	10	1327.000000
20	10	1327.000000
21	10	1325.000000
22	10	1316.000000
23	10	1281.000000
24	10	1218.000000
25	10	1278.000000
26	10	1275.000000
27	10	1280.000000
28	10	1267.000000
29	10	1337.000000
30	10	1311.000000
31	10	1381.000000
32	10	1906.000000
1	11	2103.000000
2	11	1544.000000
3	11	1498.000000
4	11	1520.000000
5	11	1393.000000
6	11	1488.000000
7	11	1427.000000
8	11	1449.000000
9	11	1426.000000
10	11	997.000000
11	11	1000.000000
12	11	973.000000
13	11	1420.000000
14	11	813.000000
15	11	803.000000
16	11	780.000000
17	11	1404.000000
18	11	1367.000000
19	11	1331.000000
20	11	1322.000000
21	11	1254.000000
22	11	1305.000000
23	11	1315.000000
24	11	1303.000000
25	11	1280.000000
26	11	1289.000000
27	11	1255.000000
28	11	1260.000000
29	11	1553.000000
30	11	1395.000000
31	11	1486.000000
32	11	1686.000000
1	12	2090.000000
2	12	1597.000000
3	12	1521.000000
4	12	1512.000000
5	12	1345.000000
6	12	1467.000000
7	12	1459.000000
8	12	1452.000000
9	12	1388.000000
10	12	994.000000
11	12	981.000000
12	12	1006.000000
13	12	1422.000000
14	12	835.000000
15	12	801.000000
16	12	822.000000
17	12	1403.000000
18	12	1350.000000
19	12	1297.000000
20	12	1319.000000
21	12	1247.000000
22	12	1307.000000
23	12	1291.000000
24	12	1297.000000
25	12	1255.000000
26	12	1272.000000
27	12	1241.000000
28	12	1245.000000
29	12	1564.000000
30	12	1391.000000
31	12	1513.000000
32	12	1763.000000
1	13	1765.000000
2	13	1509.000000
3	13	1425.000000
4	13	1677.000000
5	13	1455.000000
6	13	1338.000000
7	13	1363.000000
8	13	1343.000000
9	13	974.000000
10	13	1412.000000
11	13	1424.000000
12	13	1485.000000
13	13	915.000000
14	13	1457.000000
15	13	1447.000000
16	13	1378.000000
17	13	1362.000000
18	13	1336.000000
19	13	1314.000000
20	13	1313.000000
21	13	1298.000000
22	13	1292.000000
23	13	1275.000000
24	13	1214.000000
25	13	1283.000000
26	13	1248.000000
27	13	1274.000000
28	13	1278.000000
29	13	1394.000000
30	13	1362.000000
31	13	1574.000000
32	13	0.000000
1	14	1706.000000
2	14	1474.000000
3	14	1375.000000
4	14	1655.000000
5	14	1425.000000
6	14	1343.000000
7	14	1340.000000
8	14	1364.000000
9	14	966.000000
10	14	1399.000000
11	14	1454.000000
12	14	1504.000000
13	14	871.000000
14	14	1471.000000
15	14	1424.000000
16	14	1365.000000
17	14	1329.000000
18	14	1327.000000
19	14	1296.000000
20	14	1304.000000
21	14	1294.000000
22	14	1290.000000
23	14	1286.000000
24	14	1219.000000
25	14	1279.000000
26	14	1258.000000
27	14	1275.000000
28	14	1313.000000
29	14	1432.000000
30	14	1370.000000
31	14	1539.000000
32	14	0.000000
1	15	2060.000000
2	15	1512.000000
3	15	1444.000000
4	15	1422.000000
5	15	1288.000000
6	15	1433.000000
7	15	1433.000000
8	15	1480.000000
9	15	1457.000000
10	15	988.000000
11	15	998.000000
12	15	994.000000
13	15	1441.000000
14	15	915.000000
15	15	905.000000
16	15	816.000000
17	15	1393.000000
18	15	1315.000000
19	15	1295.000000
20	15	1284.000000
21	15	1247.000000
22	15	1282.000000
23	15	1315.000000
24	15	1278.000000
25	15	1272.000000
26	15	1268.000000
27	15	1260.000000
28	15	1388.000000
29	15	0.000000
30	15	1488.000000
31	15	1530.000000
32	15	1752.000000
1	16	2024.000000
2	16	1511.000000
3	16	1440.000000
4	16	1430.000000
5	16	1270.000000
6	16	1432.000000
7	16	1448.000000
8	16	1460.000000
9	16	1443.000000
10	16	990.000000
11	16	1013.000000
12	16	1002.000000
13	16	1446.000000
14	16	943.000000
15	16	892.000000
16	16	858.000000
17	16	1388.000000
18	16	1315.000000
19	16	1329.000000
20	16	1333.000000
21	16	1293.000000
22	16	1270.000000
23	16	1281.000000
24	16	1278.000000
25	16	1253.000000
26	16	1270.000000
27	16	1245.000000
28	16	1387.000000
29	16	0.000000
30	16	1454.000000
31	16	1506.000000
32	16	1672.000000
1	17	1728.000000
2	17	1436.000000
3	17	1357.000000
4	17	1605.000000
5	17	1431.000000
6	17	1335.000000
7	17	1310.000000
8	17	1354.000000
9	17	966.000000
10	17	1429.000000
11	17	1429.000000
12	17	1547.000000
13	17	860.000000
14	17	1441.000000
15	17	1436.000000
16	17	1362.000000
17	17	1362.000000
18	17	1342.000000
19	17	1350.000000
20	17	1337.000000
21	17	1311.000000
22	17	1275.000000
23	17	1258.000000
24	17	1196.000000
25	17	1238.000000
26	17	1251.000000
27	17	1255.000000
28	17	1278.000000
29	17	1412.000000
30	17	1363.000000
31	17	1407.000000
32	17	1895.000000
1	18	1718.000000
2	18	1445.000000
3	18	1351.000000
4	18	1637.000000
5	18	1424.000000
6	18	1324.000000
7	18	1311.000000
8	18	1307.000000
9	18	974.000000
10	18	1420.000000
11	18	1407.000000
12	18	1521.000000
13	18	833.000000
14	18	1466.000000
15	18	1437.000000
16	18	1357.000000
17	18	1347.000000
18	18	1354.000000
19	18	1369.000000
20	18	1349.000000
21	18	1277.000000
22	18	1280.000000
23	18	1279.000000
24	18	1201.000000
25	18	1248.000000
26	18	1220.000000
27	18	1222.000000
28	18	1267.000000
29	18	1352.000000
30	18	1305.000000
31	18	1393.000000
32	18	1865.000000
1	19	2024.000000
2	19	1508.000000
3	19	1440.000000
4	19	1422.000000
5	19	1273.000000
6	19	1425.000000
7	19	1423.000000
8	19	1456.000000
9	19	1444.000000
10	19	1016.000000
11	19	1014.000000
12	19	1010.000000
13	19	1428.000000
14	19	832.000000
15	19	832.000000
16	19	805.000000
17	19	1409.000000
18	19	1326.000000
19	19	1319.000000
20	19	1306.000000
21	19	1246.000000
22	19	1269.000000
23	19	1258.000000
24	19	1253.000000
25	19	1223.000000
26	19	1255.000000
27	19	1259.000000
28	19	1253.000000
29	19	1540.000000
30	19	1382.000000
31	19	1451.000000
32	19	1634.000000
1	20	2036.000000
2	20	1563.000000
3	20	1436.000000
4	20	1455.000000
5	20	1295.000000
6	20	1426.000000
7	20	1433.000000
8	20	1441.000000
9	20	1447.000000
10	20	1012.000000
11	20	999.000000
12	20	1006.000000
13	20	1454.000000
14	20	845.000000
15	20	805.000000
16	20	781.000000
17	20	1393.000000
18	20	1337.000000
19	20	1290.000000
20	20	1277.000000
21	20	1228.000000
22	20	1262.000000
23	20	1235.000000
24	20	1245.000000
25	20	1215.000000
26	20	1230.000000
27	20	1242.000000
28	20	1227.000000
29	20	1515.000000
30	20	1376.000000
31	20	1439.000000
32	20	1644.000000
1	21	1711.000000
2	21	1436.000000
3	21	1334.000000
4	21	1640.000000
5	21	1390.000000
6	21	1324.000000
7	21	1324.000000
8	21	1328.000000
9	21	970.000000
10	21	1421.000000
11	21	1417.000000
12	21	1527.000000
13	21	843.000000
14	21	1436.000000
15	21	1426.000000
16	21	1366.000000
17	21	1334.000000
18	21	1318.000000
19	21	1287.000000
20	21	1285.000000
21	21	1253.000000
22	21	1275.000000
23	21	1231.000000
24	21	1182.000000
25	21	1252.000000
26	21	1226.000000
27	21	1224.000000
28	21	1236.000000
29	21	1321.000000
30	21	1273.000000
31	21	1372.000000
32	21	1837.000000
1	22	1691.000000
2	22	1428.000000
3	22	1335.000000
4	22	1622.000000
5	22	1387.000000
6	22	1312.000000
7	22	1309.000000
8	22	1322.000000
9	22	944.000000
10	22	1412.000000
11	22	1416.000000
12	22	1491.000000
13	22	798.000000
14	22	1437.000000
15	22	1408.000000
16	22	1328.000000
17	22	1319.000000
18	22	1331.000000
19	22	1293.000000
20	22	1275.000000
21	22	1261.000000
22	22	1224.000000
23	22	1245.000000
24	22	1176.000000
25	22	1241.000000
26	22	1219.000000
27	22	1201.000000
28	22	1245.000000
29	22	1309.000000
30	22	1283.000000
31	22	1365.000000
32	22	1838.000000
1	23	1998.000000
2	23	1505.000000
3	23	1425.000000
4	23	1404.000000
5	23	1272.000000
6	23	1436.000000
7	23	1414.000000
8	23	1425.000000
9	23	1367.000000
10	23	993.000000
11	23	1004.000000
12	23	983.000000
13	23	1402.000000
14	23	804.000000
15	23	797.000000
16	23	777.000000
17	23	1355.000000
18	23	1292.000000
19	23	1268.000000
20	23	1277.000000
21	23	1200.000000
22	23	1253.000000
23	23	1245.000000
24	23	1223.000000
25	23	1231.000000
26	23	1225.000000
27	23	1205.000000
28	23	1244.000000
29	23	1510.000000
30	23	1371.000000
31	23	1440.000000
32	23	1625.000000
1	24	2005.000000
2	24	1515.000000
3	24	1418.000000
4	24	1405.000000
5	24	1245.000000
6	24	1407.000000
7	24	1389.000000
8	24	1423.000000
9	24	1370.000000
10	24	995.000000
11	24	997.000000
12	24	999.000000
13	24	1367.000000
14	24	792.000000
15	24	805.000000
16	24	778.000000
17	24	1362.000000
18	24	1321.000000
19	24	1238.000000
20	24	1254.000000
21	24	1197.000000
22	24	1254.000000
23	24	1219.000000
24	24	1248.000000
25	24	1203.000000
26	24	1227.000000
27	24	1228.000000
28	24	1223.000000
29	24	1506.000000
30	24	1356.000000
31	24	1402.000000
32	24	1599.000000
1	25	1677.000000
2	25	1430.000000
3	25	1288.000000
4	25	1610.000000
5	25	1596.000000
6	25	1262.000000
7	25	1253.000000
8	25	1402.000000
9	25	1318.000000
10	25	1354.000000
11	25	1360.000000
12	25	1409.000000
13	25	1367.000000
14	25	1333.000000
15	25	1343.000000
16	25	1701.000000
17	25	1302.000000
18	25	1306.000000
19	25	1219.000000
20	25	1390.000000
21	25	1210.000000
22	25	1212.000000
23	25	1224.000000
24	25	1481.000000
25	25	1215.000000
26	25	1234.000000
27	25	1217.000000
28	25	1213.000000
29	25	1314.000000
30	25	1264.000000
31	25	1330.000000
32	25	1810.000000
1	26	1647.000000
2	26	1407.000000
3	26	1303.000000
4	26	1580.000000
5	26	1575.000000
6	26	1266.000000
7	26	1253.000000
8	26	1353.000000
9	26	1271.000000
10	26	1304.000000
11	26	1306.000000
12	26	1349.000000
13	26	1356.000000
14	26	1300.000000
15	26	1287.000000
16	26	1599.000000
17	26	1254.000000
18	26	1268.000000
19	26	1257.000000
20	26	1371.000000
21	26	1228.000000
22	26	1226.000000
23	26	1206.000000
24	26	1496.000000
25	26	1201.000000
26	26	1205.000000
27	26	1210.000000
28	26	1222.000000
29	26	1308.000000
30	26	1273.000000
31	26	1348.000000
32	26	1803.000000
1	27	1942.000000
2	27	1480.000000
3	27	1385.000000
4	27	1350.000000
5	27	1336.000000
6	27	1562.000000
7	27	1525.000000
8	27	1587.000000
9	27	1304.000000
10	27	1282.000000
11	27	1269.000000
12	27	1288.000000
13	27	1627.000000
14	27	1282.000000
15	27	1273.000000
16	27	1265.000000
17	27	1380.000000
18	27	1244.000000
19	27	1238.000000
20	27	1237.000000
21	27	1509.000000
22	27	1213.000000
23	27	1195.000000
24	27	1211.000000
25	27	1224.000000
26	27	1212.000000
27	27	1216.000000
28	27	1197.000000
29	27	1527.000000
30	27	1359.000000
31	27	1410.000000
32	27	1595.000000
1	28	1946.000000
2	28	1453.000000
3	28	1361.000000
4	28	1345.000000
5	28	1343.000000
6	28	1574.000000
7	28	1538.000000
8	28	1537.000000
9	28	1267.000000
10	28	1243.000000
11	28	1257.000000
12	28	1257.000000
13	28	1634.000000
14	28	1258.000000
15	28	1219.000000
16	28	1271.000000
17	28	1355.000000
18	28	1230.000000
19	28	1201.000000
20	28	1222.000000
21	28	1490.000000
22	28	1188.000000
23	28	1201.000000
24	28	1244.000000
25	28	1201.000000
26	28	1223.000000
27	28	1201.000000
28	28	1216.000000
29	28	1517.000000
30	28	1376.000000
31	28	1399.000000
32	28	1579.000000
1	29	1675.000000
2	29	1406.000000
3	29	1285.000000
4	29	1557.000000
5	29	1549.000000
6	29	1231.000000
7	29	1213.000000
8	29	1344.000000
9	29	1250.000000
10	29	1262.000000
11	29	1231.000000
12	29	1265.000000
13	29	1248.000000
14	29	1266.000000
15	29	1261.000000
16	29	1555.000000
17	29	1226.000000
18	29	1182.000000
19	29	1235.000000
20	29	1306.000000
21	29	1197.000000
22	29	1230.000000
23	29	1218.000000
24	29	1498.000000
25	29	1173.000000
26	29	1211.000000
27	29	1197.000000
28	29	1238.000000
29	29	1321.000000
30	29	1296.000000
31	29	1357.000000
32	29	1789.000000
1	30	1637.000000
2	30	1378.000000
3	30	1263.000000
4	30	1541.000000
5	30	1535.000000
6	30	1201.000000
7	30	1202.000000
8	30	1330.000000
9	30	1219.000000
10	30	1232.000000
11	30	1239.000000
12	30	1249.000000
13	30	1208.000000
14	30	1218.000000
15	30	1244.000000
16	30	1543.000000
17	30	1230.000000
18	30	1235.000000
19	30	1219.000000
20	30	1335.000000
21	30	1170.000000
22	30	1207.000000
23	30	1186.000000
24	30	1491.000000
25	30	1174.000000
26	30	1193.000000
27	30	1176.000000
28	30	1232.000000
29	30	1302.000000
30	30	1280.000000
31	30	1327.000000
32	30	1784.000000
1	31	1916.000000
2	31	1454.000000
3	31	1346.000000
4	31	1306.000000
5	31	1322.000000
6	31	1524.000000
7	31	1504.000000
8	31	1540.000000
9	31	1242.000000
10	31	1251.000000
11	31	1210.000000
12	31	1208.000000
13	31	1543.000000
14	31	1231.000000
15	31	1234.000000
16	31	1252.000000
17	31	1367.000000
18	31	1194.000000
19	31	1228.000000
20	31	1215.000000
21	31	1492.000000
22	31	1175.000000
23	31	1203.000000
24	31	1187.000000
25	31	1186.000000
26	31	1196.000000
27	31	1192.000000
28	31	1224.000000
29	31	1536.000000
30	31	1377.000000
31	31	1415.000000
32	31	1568.000000
1	32	1900.000000
2	32	1419.000000
3	32	1348.000000
4	32	1276.000000
5	32	1294.000000
6	32	1525.000000
7	32	1528.000000
8	32	1537.000000
9	32	1244.000000
10	32	1233.000000
11	32	1184.000000
12	32	1183.000000
13	32	1497.000000
14	32	1210.000000
15	32	1212.000000
16	32	1246.000000
17	32	1345.000000
18	32	1222.000000
19	32	1207.000000
20	32	1188.000000
21	32	1484.000000
22	32	1205.000000
23	32	1192.000000
24	32	1206.000000
25	32	1182.000000
26	32	1202.000000
27	32	1178.000000
28	32	1215.000000
29	32	1535.000000
30	32	1372.000000
31	32	1399.000000
32	32	1559.000000
1	33	1630.000000
2	33	1381.000000
3	33	1247.000000
4	33	1502.000000
5	33	1506.000000
6	33	1196.000000
7	33	1170.000000
8	33	1306.000000
9	33	1218.000000
10	33	1218.000000
11	33	1202.000000
12	33	1193.000000
13	33	1184.000000
14	33	1201.000000
15	33	1200.000000
16	33	1530.000000
17	33	1219.000000
18	33	1216.000000
19	33	1207.000000
20	33	1313.000000
21	33	1186.000000
22	33	1185.000000
23	33	1191.000000
24	33	1473.000000
25	33	1173.000000
26	33	1211.000000
27	33	1173.000000
28	33	1227.000000
29	33	1312.000000
30	33	1304.000000
31	33	1341.000000
32	33	1740.000000
1	34	1625.000000
2	34	1334.000000
3	34	1255.000000
4	34	1510.000000
5	34	1506.000000
6	34	1213.000000
7	34	1178.000000
8	34	1335.000000
9	34	1196.000000
10	34	1216.000000
11	34	1222.000000
12	34	1200.000000
13	34	1182.000000
14	34	1202.000000
15	34	1210.000000
16	34	1522.000000
17	34	1174.000000
18	34	1178.000000
19	34	1194.000000
20	34	1301.000000
21	34	1189.000000
22	34	1157.000000
23	34	1174.000000
24	34	1477.000000
25	34	1179.000000
26	34	1147.000000
27	34	1162.000000
28	34	1204.000000
29	34	1303.000000
30	34	1284.000000
31	34	1298.000000
32	34	1739.000000
1	35	1889.000000
2	35	1416.000000
3	35	1338.000000
4	35	1323.000000
5	35	1314.000000
6	35	1514.000000
7	35	1533.000000
8	35	1572.000000
9	35	1206.000000
10	35	1188.000000
11	35	1210.000000
12	35	1197.000000
13	35	1574.000000
14	35	1226.000000
15	35	1237.000000
16	35	1259.000000
17	35	1328.000000
18	35	1182.000000
19	35	1162.000000
20	35	1194.000000
21	35	1473.000000
22	35	1179.000000
23	35	1176.000000
24	35	1187.000000
25	35	1175.000000
26	35	1169.000000
27	35	1153.000000
28	35	1180.000000
29	35	1509.000000
30	35	1343.000000
31	35	1380.000000
32	35	1506.000000
1	36	1877.000000
2	36	1348.000000
3	36	1329.000000
4	36	1282.000000
5	36	1299.000000
6	36	1463.000000
7	36	1536.000000
8	36	1553.000000
9	36	1229.000000
10	36	1201.000000
11	36	1210.000000
12	36	1184.000000
13	36	1553.000000
14	36	1222.000000
15	36	1216.000000
16	36	1157.000000
17	36	1292.000000
18	36	1200.000000
19	36	1186.000000
20	36	1166.000000
21	36	1469.000000
22	36	1143.000000
23	36	1154.000000
24	36	1164.000000
25	36	1154.000000
26	36	1195.000000
27	36	1155.000000
28	36	1184.000000
29	36	1517.000000
30	36	1358.000000
31	36	1414.000000
32	36	1476.000000
1	37	1624.000000
2	37	1292.000000
3	37	1220.000000
4	37	1452.000000
5	37	1443.000000
6	37	1191.000000
7	37	1216.000000
8	37	1343.000000
9	37	1239.000000
10	37	1242.000000
11	37	1226.000000
12	37	1239.000000
13	37	1209.000000
14	37	1215.000000
15	37	1193.000000
16	37	1491.000000
17	37	1155.000000
18	37	1187.000000
19	37	1170.000000
20	37	1257.000000
21	37	1158.000000
22	37	1163.000000
23	37	1151.000000
24	37	1426.000000
25	37	1143.000000
26	37	1190.000000
27	37	1179.000000
28	37	1194.000000
29	37	1304.000000
30	37	1286.000000
31	37	1298.000000
32	37	1714.000000
1	38	1599.000000
2	38	1285.000000
3	38	1202.000000
4	38	1450.000000
5	38	1433.000000
6	38	1162.000000
7	38	1209.000000
8	38	1325.000000
9	38	1230.000000
10	38	1188.000000
11	38	1234.000000
12	38	1208.000000
13	38	1207.000000
14	38	1154.000000
15	38	1173.000000
16	38	1507.000000
17	38	1148.000000
18	38	1162.000000
19	38	1180.000000
20	38	1240.000000
21	38	1154.000000
22	38	1125.000000
23	38	1135.000000
24	38	1421.000000
25	38	1136.000000
26	38	1167.000000
27	38	1159.000000
28	38	1186.000000
29	38	1294.000000
30	38	1240.000000
31	38	1249.000000
32	38	1688.000000
1	39	1896.000000
2	39	1358.000000
3	39	1290.000000
4	39	1292.000000
5	39	1229.000000
6	39	1458.000000
7	39	1500.000000
8	39	1526.000000
9	39	1281.000000
10	39	1224.000000
11	39	1183.000000
12	39	1142.000000
13	39	1464.000000
14	39	1173.000000
15	39	1161.000000
16	39	1206.000000
17	39	1323.000000
18	39	1183.000000
19	39	1185.000000
20	39	1180.000000
21	39	1436.000000
22	39	1166.000000
23	39	1131.000000
24	39	1153.000000
25	39	1140.000000
26	39	1152.000000
27	39	1171.000000
28	39	1167.000000
29	39	1460.000000
30	39	1312.000000
31	39	1300.000000
32	39	1455.000000
1	40	1872.000000
2	40	1375.000000
3	40	1295.000000
4	40	1261.000000
5	40	1235.000000
6	40	1438.000000
7	40	1496.000000
8	40	1517.000000
9	40	1211.000000
10	40	1183.000000
11	40	1141.000000
12	40	1105.000000
13	40	1410.000000
14	40	1235.000000
15	40	1175.000000
16	40	1209.000000
17	40	1304.000000
18	40	1164.000000
19	40	1175.000000
20	40	1152.000000
21	40	1439.000000
22	40	1138.000000
23	40	1143.000000
24	40	1140.000000
25	40	1136.000000
26	40	1118.000000
27	40	1142.000000
28	40	1135.000000
29	40	1455.000000
30	40	1279.000000
31	40	1298.000000
32	40	1428.000000
1	41	1586.000000
2	41	1318.000000
3	41	1199.000000
4	41	1458.000000
5	41	1437.000000
6	41	1157.000000
7	41	1171.000000
8	41	1335.000000
9	41	1179.000000
10	41	1170.000000
11	41	1100.000000
12	41	1120.000000
13	41	1134.000000
14	41	1139.000000
15	41	1123.000000
16	41	1460.000000
17	41	1171.000000
18	41	1191.000000
19	41	1200.000000
20	41	1251.000000
21	41	1142.000000
22	41	1155.000000
23	41	1124.000000
24	41	1377.000000
25	41	1134.000000
26	41	1154.000000
27	41	1133.000000
28	41	1162.000000
29	41	1249.000000
30	41	1193.000000
31	41	1183.000000
32	41	1679.000000
1	42	1607.000000
2	42	1306.000000
3	42	1230.000000
4	42	1456.000000
5	42	1458.000000
6	42	1168.000000
7	42	1217.000000
8	42	1303.000000
9	42	1186.000000
10	42	1128.000000
11	42	1109.000000
12	42	1111.000000
13	42	1114.000000
14	42	1115.000000
15	42	1191.000000
16	42	1462.000000
17	42	1183.000000
18	42	1176.000000
19	42	1165.000000
20	42	1215.000000
21	42	1152.000000
22	42	1131.000000
23	42	1131.000000
24	42	1394.000000
25	42	1139.000000
26	42	1130.000000
27	42	1148.000000
28	42	1139.000000
29	42	1211.000000
30	42	1140.000000
31	42	1160.000000
32	42	1638.000000
1	43	1908.000000
2	43	1387.000000
3	43	1319.000000
4	43	1277.000000
5	43	1277.000000
6	43	1451.000000
7	43	1467.000000
8	43	1505.000000
9	43	1198.000000
10	43	1165.000000
11	43	1086.000000
12	43	1066.000000
13	43	1356.000000
14	43	1140.000000
15	43	1221.000000
16	43	1190.000000
17	43	1289.000000
18	43	1182.000000
19	43	1148.000000
20	43	1154.000000
21	43	1438.000000
22	43	1140.000000
23	43	1141.000000
24	43	1131.000000
25	43	1122.000000
26	43	1135.000000
27	43	1117.000000
28	43	1114.000000
29	43	1323.000000
30	43	1249.000000
31	43	1246.000000
32	43	1389.000000
1	44	1885.000000
2	44	1382.000000
3	44	1330.000000
4	44	1305.000000
5	44	1286.000000
6	44	1439.000000
7	44	1450.000000
8	44	1489.000000
9	44	1220.000000
10	44	1182.000000
11	44	1144.000000
12	44	1092.000000
13	44	1431.000000
14	44	1133.000000
15	44	1241.000000
16	44	1194.000000
17	44	1277.000000
18	44	1195.000000
19	44	1153.000000
20	44	1155.000000
21	44	1448.000000
22	44	1141.000000
23	44	1135.000000
24	44	1103.000000
25	44	1113.000000
26	44	1081.000000
27	44	1116.000000
28	44	1075.000000
29	44	1317.000000
30	44	1220.000000
31	44	1233.000000
32	44	1381.000000
1	45	1583.000000
2	45	1298.000000
3	45	1205.000000
4	45	1425.000000
5	45	1293.000000
6	45	1207.000000
7	45	1203.000000
8	45	1495.000000
9	45	1344.000000
10	45	1241.000000
11	45	1177.000000
12	45	1523.000000
13	45	1270.000000
14	45	1207.000000
15	45	1213.000000
16	45	1505.000000
17	45	1278.000000
18	45	1185.000000
19	45	1172.000000
20	45	1451.000000
21	45	1253.000000
22	45	1161.000000
23	45	1162.000000
24	45	1428.000000
25	45	1222.000000
26	45	1139.000000
27	45	1132.000000
28	45	1438.000000
29	45	1140.000000
30	45	1105.000000
31	45	1160.000000
32	45	1615.000000
1	46	1573.000000
2	46	1276.000000
3	46	1212.000000
4	46	1465.000000
5	46	1293.000000
6	46	1239.000000
7	46	1224.000000
8	46	1504.000000
9	46	1336.000000
10	46	1275.000000
11	46	1284.000000
12	46	1596.000000
13	46	1344.000000
14	46	1275.000000
15	46	1245.000000
16	46	1542.000000
17	46	1305.000000
18	46	1242.000000
19	46	1215.000000
20	46	1497.000000
21	46	1278.000000
22	46	1212.000000
23	46	1193.000000
24	46	1435.000000
25	46	1230.000000
26	46	1189.000000
27	46	1161.000000
28	46	1398.000000
29	46	1171.000000
30	46	1142.000000
31	46	1172.000000
32	46	1675.000000
1	47	1822.000000
2	47	1422.000000
3	47	1335.000000
4	47	1379.000000
5	47	1526.000000
6	47	1383.000000
7	47	1379.000000
8	47	1377.000000
9	47	1620.000000
10	47	1434.000000
11	47	1440.000000
12	47	1425.000000
13	47	1635.000000
14	47	1407.000000
15	47	1403.000000
16	47	1405.000000
17	47	1607.000000
18	47	1409.000000
19	47	1395.000000
20	47	1366.000000
21	47	1581.000000
22	47	1349.000000
23	47	1332.000000
24	47	1320.000000
25	47	1511.000000
26	47	1290.000000
27	47	1272.000000
28	47	1246.000000
29	47	1432.000000
30	47	1275.000000
31	47	1283.000000
32	47	1466.000000
1	48	1986.000000
2	48	1576.000000
3	48	1546.000000
4	48	1531.000000
5	48	1778.000000
6	48	1544.000000
7	48	1560.000000
8	48	1572.000000
9	48	1839.000000
10	48	1617.000000
11	48	1616.000000
12	48	1617.000000
13	48	1896.000000
14	48	1629.000000
15	48	1613.000000
16	48	1569.000000
17	48	1900.000000
18	48	1538.000000
19	48	1512.000000
20	48	1500.000000
21	48	1786.000000
22	48	1506.000000
23	48	1479.000000
24	48	1456.000000
25	48	1672.000000
26	48	1409.000000
27	48	1400.000000
28	48	1382.000000
29	48	1599.000000
30	48	1382.000000
31	48	1421.000000
32	48	1619.000000
