row	column	size
1	1	1244.000000
2	1	1174.000000
3	1	1208.000000
4	1	1479.000000
5	1	1322.000000
6	1	1306.000000
7	1	1345.000000
8	1	1588.000000
9	1	1437.000000
10	1	1413.000000
11	1	1396.000000
12	1	1658.000000
13	1	1487.000000
14	1	1463.000000
15	1	1432.000000
16	1	1753.000000
17	1	1458.000000
18	1	1431.000000
19	1	1360.000000
20	1	0.000000
21	1	1352.000000
22	1	1239.000000
23	1	1178.000000
24	1	1535.000000
25	1	1251.000000
26	1	1243.000000
27	1	1194.000000
28	1	1425.000000
29	1	1178.000000
30	1	1125.000000
31	1	1162.000000
32	1	1450.000000
1	2	1137.000000
2	2	1129.000000
3	2	1317.000000
4	2	1079.000000
5	2	1115.000000
6	2	1200.000000
7	2	1274.000000
8	2	1166.000000
9	2	1212.000000
10	2	1268.000000
11	2	1490.000000
12	2	1244.000000
13	2	1287.000000
14	2	1323.000000
15	2	1556.000000
16	2	1345.000000
17	2	1327.000000
18	2	1402.000000
19	2	0.000000
20	2	1386.000000
21	2	1304.000000
22	2	1296.000000
23	2	1547.000000
24	2	1216.000000
25	2	1166.000000
26	2	1199.000000
27	2	1423.000000
28	2	1119.000000
29	2	1081.000000
30	2	1142.000000
31	2	1355.000000
32	2	1123.000000
1	3	1387.000000
2	3	1014.000000
3	3	1089.000000
4	3	1095.000000
5	3	1281.000000
6	3	1130.000000
7	3	1155.000000
8	3	1176.000000
9	3	1373.000000
10	3	1265.000000
11	3	1274.000000
12	3	1284.000000
13	3	1458.000000
14	3	1299.000000
15	3	1314.000000
16	3	1368.000000
17	3	0.000000
18	3	1381.000000
19	3	1387.000000
20	3	1318.000000
21	3	1502.000000
22	3	1239.000000
23	3	1215.000000
24	3	1213.000000
25	3	1413.000000
26	3	1180.000000
27	3	1163.000000
28	3	1159.000000
29	3	1360.000000
30	3	1153.000000
31	3	1165.000000
32	3	1173.000000
1	4	1175.000000
2	4	1191.000000
3	4	1044.000000
4	4	1089.000000
5	4	1069.000000
6	4	1272.000000
7	4	1177.000000
8	4	1227.000000
9	4	1257.000000
10	4	1441.000000
11	4	1269.000000
12	4	1286.000000
13	4	1295.000000
14	4	1484.000000
15	4	1304.000000
16	4	1321.000000
17	4	1355.000000
18	4	0.000000
19	4	1328.000000
20	4	1295.000000
21	4	1245.000000
22	4	1464.000000
23	4	1207.000000
24	4	1222.000000
25	4	1199.000000
26	4	1408.000000
27	4	1181.000000
28	4	1186.000000
29	4	1154.000000
30	4	1415.000000
31	4	1160.000000
32	4	1231.000000
1	5	1137.000000
2	5	1005.000000
3	5	992.000000
4	5	1199.000000
5	5	1111.000000
6	5	1132.000000
7	5	1172.000000
8	5	1196.000000
9	5	892.000000
10	5	1265.000000
11	5	1240.000000
12	5	1251.000000
13	5	771.000000
14	5	1250.000000
15	5	1227.000000
16	5	1190.000000
17	5	1189.000000
18	5	1239.000000
19	5	1224.000000
20	5	1228.000000
21	5	1180.000000
22	5	1170.000000
23	5	1161.000000
24	5	1129.000000
25	5	1167.000000
26	5	1157.000000
27	5	1137.000000
28	5	1143.000000
29	5	1184.000000
30	5	1171.000000
31	5	1216.000000
32	5	1509.000000
1	6	1098.000000
2	6	1023.000000
3	6	1192.000000
4	6	1029.000000
5	6	1077.000000
6	6	1184.000000
7	6	1194.000000
8	6	1259.000000
9	6	1271.000000
10	6	891.000000
11	6	1251.000000
12	6	1274.000000
13	6	1263.000000
14	6	801.000000
15	6	1202.000000
16	6	1214.000000
17	6	1185.000000
18	6	1164.000000
19	6	1210.000000
20	6	1191.000000
21	6	1135.000000
22	6	1167.000000
23	6	1102.000000
24	6	1167.000000
25	6	1152.000000
26	6	1130.000000
27	6	1118.000000
28	6	1113.000000
29	6	1128.000000
30	6	1179.000000
31	6	1422.000000
32	6	1299.000000
1	7	1333.000000
2	7	1019.000000
3	7	1038.000000
4	7	1078.000000
5	7	1079.000000
6	7	1202.000000
7	7	1286.000000
8	7	1330.000000
9	7	1308.000000
10	7	911.000000
11	7	914.000000
12	7	906.000000
13	7	1241.000000
14	7	808.000000
15	7	821.000000
16	7	784.000000
17	7	1205.000000
18	7	1169.000000
19	7	1170.000000
20	7	1167.000000
21	7	1170.000000
22	7	1166.000000
23	7	1154.000000
24	7	1171.000000
25	7	1129.000000
26	7	1151.000000
27	7	1109.000000
28	7	1095.000000
29	7	1284.000000
30	7	1118.000000
31	7	1194.000000
32	7	1414.000000
1	8	1188.000000
2	8	1179.000000
3	8	1054.000000
4	8	1085.000000
5	8	1160.000000
6	8	1213.000000
7	8	1307.000000
8	8	1343.000000
9	8	902.000000
10	8	1302.000000
11	8	902.000000
12	8	910.000000
13	8	800.000000
14	8	1169.000000
15	8	816.000000
16	8	802.000000
17	8	1153.000000
18	8	1175.000000
19	8	1144.000000
20	8	1150.000000
21	8	1176.000000
22	8	1159.000000
23	8	1184.000000
24	8	1188.000000
25	8	1157.000000
26	8	1144.000000
27	8	1112.000000
28	8	1043.000000
29	8	1109.000000
30	8	1291.000000
31	8	1176.000000
32	8	1402.000000
1	9	1193.000000
2	9	978.000000
3	9	1003.000000
4	9	1236.000000
5	9	1154.000000
6	9	1195.000000
7	9	1264.000000
8	9	1249.000000
9	9	906.000000
10	9	1234.000000
11	9	1208.000000
12	9	1250.000000
13	9	784.000000
14	9	1163.000000
15	9	1168.000000
16	9	1132.000000
17	9	1149.000000
18	9	1156.000000
19	9	1150.000000
20	9	1175.000000
21	9	1147.000000
22	9	1180.000000
23	9	1150.000000
24	9	1128.000000
25	9	1170.000000
26	9	1169.000000
27	9	1131.000000
28	9	1120.000000
29	9	1124.000000
30	9	1076.000000
31	9	1114.000000
32	9	1625.000000
1	10	1133.000000
2	10	1045.000000
3	10	1164.000000
4	10	1036.000000
5	10	1135.000000
6	10	1235.000000
7	10	1212.000000
8	10	1224.000000
9	10	1226.000000
10	10	886.000000
11	10	1233.000000
12	10	1144.000000
13	10	1174.000000
14	10	784.000000
15	10	1114.000000
16	10	1159.000000
17	10	1126.000000
18	10	1128.000000
19	10	1149.000000
20	10	1140.000000
21	10	1154.000000
22	10	1171.000000
23	10	1133.000000
24	10	1177.000000
25	10	1155.000000
26	10	1182.000000
27	10	1173.000000
28	10	1148.000000
29	10	1118.000000
30	10	1130.000000
31	10	1376.000000
32	10	1316.000000
1	11	1429.000000
2	11	1037.000000
3	11	1045.000000
4	11	1092.000000
5	11	1145.000000
6	11	1248.000000
7	11	1269.000000
8	11	1251.000000
9	11	1248.000000
10	11	880.000000
11	11	854.000000
12	11	845.000000
13	11	1168.000000
14	11	786.000000
15	11	808.000000
16	11	769.000000
17	11	1097.000000
18	11	1086.000000
19	11	1123.000000
20	11	1134.000000
21	11	1116.000000
22	11	1149.000000
23	11	1155.000000
24	11	1161.000000
25	11	1175.000000
26	11	1192.000000
27	11	1164.000000
28	11	1206.000000
29	11	1366.000000
30	11	1138.000000
31	11	1198.000000
32	11	1391.000000
1	12	1247.000000
2	12	1213.000000
3	12	1075.000000
4	12	1131.000000
5	12	1203.000000
6	12	1236.000000
7	12	1272.000000
8	12	1267.000000
9	12	847.000000
10	12	1272.000000
11	12	882.000000
12	12	872.000000
13	12	768.000000
14	12	1180.000000
15	12	761.000000
16	12	746.000000
17	12	1113.000000
18	12	1087.000000
19	12	1120.000000
20	12	1112.000000
21	12	1149.000000
22	12	1108.000000
23	12	1163.000000
24	12	1148.000000
25	12	1180.000000
26	12	1200.000000
27	12	1185.000000
28	12	1187.000000
29	12	1205.000000
30	12	1358.000000
31	12	1184.000000
32	12	1421.000000
1	13	1297.000000
2	13	1067.000000
3	13	1066.000000
4	13	1310.000000
5	13	1232.000000
6	13	1221.000000
7	13	1202.000000
8	13	1173.000000
9	13	841.000000
10	13	1195.000000
11	13	1206.000000
12	13	1222.000000
13	13	891.000000
14	13	1155.000000
15	13	1157.000000
16	13	1121.000000
17	13	1130.000000
18	13	1112.000000
19	13	1117.000000
20	13	1126.000000
21	13	1118.000000
22	13	1172.000000
23	13	1131.000000
24	13	1137.000000
25	13	1183.000000
26	13	1185.000000
27	13	1193.000000
28	13	1161.000000
29	13	1150.000000
30	13	1085.000000
31	13	1186.000000
32	13	0.000000
1	14	1301.000000
2	14	1129.000000
3	14	1310.000000
4	14	1150.000000
5	14	1213.000000
6	14	1248.000000
7	14	1153.000000
8	14	1171.000000
9	14	1182.000000
10	14	845.000000
11	14	1164.000000
12	14	1182.000000
13	14	1185.000000
14	14	803.000000
15	14	1158.000000
16	14	1155.000000
17	14	1104.000000
18	14	1119.000000
19	14	1116.000000
20	14	1133.000000
21	14	1125.000000
22	14	1153.000000
23	14	1128.000000
24	14	1162.000000
25	14	1171.000000
26	14	1171.000000
27	14	1147.000000
28	14	1137.000000
29	14	1127.000000
30	14	1135.000000
31	14	0.000000
32	14	1349.000000
1	15	1511.000000
2	15	1119.000000
3	15	1183.000000
4	15	1229.000000
5	15	1209.000000
6	15	1221.000000
7	15	1213.000000
8	15	1204.000000
9	15	1222.000000
10	15	854.000000
11	15	839.000000
12	15	835.000000
13	15	1144.000000
14	15	830.000000
15	15	798.000000
16	15	824.000000
17	15	1149.000000
18	15	1109.000000
19	15	1127.000000
20	15	1123.000000
21	15	1108.000000
22	15	1162.000000
23	15	1136.000000
24	15	1149.000000
25	15	1164.000000
26	15	1154.000000
27	15	1196.000000
28	15	1156.000000
29	15	0.000000
30	15	1154.000000
31	15	1111.000000
32	15	1368.000000
1	16	1363.000000
2	16	1243.000000
3	16	1200.000000
4	16	1249.000000
5	16	1231.000000
6	16	1141.000000
7	16	1188.000000
8	16	1219.000000
9	16	808.000000
10	16	1219.000000
11	16	819.000000
12	16	841.000000
13	16	812.000000
14	16	1150.000000
15	16	869.000000
16	16	843.000000
17	16	1132.000000
18	16	1162.000000
19	16	1144.000000
20	16	1105.000000
21	16	1136.000000
22	16	1124.000000
23	16	1130.000000
24	16	1174.000000
25	16	1145.000000
26	16	1165.000000
27	16	1189.000000
28	16	1159.000000
29	16	1178.000000
30	16	0.000000
31	16	1159.000000
32	16	1359.000000
1	17	1389.000000
2	17	1138.000000
3	17	1157.000000
4	17	1430.000000
5	17	1208.000000
6	17	1165.000000
7	17	1147.000000
8	17	1107.000000
9	17	792.000000
10	17	1166.000000
11	17	1146.000000
12	17	1168.000000
13	17	731.000000
14	17	1164.000000
15	17	1178.000000
16	17	1129.000000
17	17	1115.000000
18	17	1119.000000
19	17	1151.000000
20	17	1148.000000
21	17	1104.000000
22	17	1137.000000
23	17	1144.000000
24	17	1117.000000
25	17	1129.000000
26	17	1121.000000
27	17	1192.000000
28	17	1121.000000
29	17	1161.000000
30	17	1100.000000
31	17	1099.000000
32	17	1596.000000
1	18	1318.000000
2	18	1163.000000
3	18	1346.000000
4	18	1194.000000
5	18	1159.000000
6	18	1181.000000
7	18	1104.000000
8	18	1117.000000
9	18	1144.000000
10	18	831.000000
11	18	1189.000000
12	18	1122.000000
13	18	1159.000000
14	18	701.000000
15	18	1146.000000
16	18	1141.000000
17	18	1087.000000
18	18	1107.000000
19	18	1135.000000
20	18	1147.000000
21	18	1120.000000
22	18	1102.000000
23	18	1089.000000
24	18	1127.000000
25	18	1146.000000
26	18	1149.000000
27	18	1122.000000
28	18	1125.000000
29	18	1035.000000
30	18	1086.000000
31	18	1323.000000
32	18	1306.000000
1	19	1525.000000
2	19	1172.000000
3	19	1207.000000
4	19	1221.000000
5	19	1176.000000
6	19	1165.000000
7	19	1199.000000
8	19	1175.000000
9	19	1163.000000
10	19	814.000000
11	19	814.000000
12	19	812.000000
13	19	1126.000000
14	19	730.000000
15	19	716.000000
16	19	720.000000
17	19	1114.000000
18	19	1133.000000
19	19	1109.000000
20	19	1083.000000
21	19	1094.000000
22	19	1121.000000
23	19	1127.000000
24	19	1115.000000
25	19	1115.000000
26	19	1187.000000
27	19	1141.000000
28	19	1122.000000
29	19	1280.000000
30	19	1114.000000
31	19	1107.000000
32	19	1405.000000
1	20	1312.000000
2	20	1274.000000
3	20	1178.000000
4	20	1186.000000
5	20	1249.000000
6	20	1117.000000
7	20	1185.000000
8	20	1186.000000
9	20	817.000000
10	20	1179.000000
11	20	829.000000
12	20	844.000000
13	20	717.000000
14	20	1169.000000
15	20	718.000000
16	20	711.000000
17	20	1120.000000
18	20	1143.000000
19	20	1087.000000
20	20	1078.000000
21	20	1102.000000
22	20	1077.000000
23	20	1111.000000
24	20	1103.000000
25	20	1101.000000
26	20	1215.000000
27	20	1210.000000
28	20	1083.000000
29	20	1126.000000
30	20	1309.000000
31	20	1128.000000
32	20	1374.000000
1	21	1276.000000
2	21	1076.000000
3	21	1076.000000
4	21	1315.000000
5	21	1238.000000
6	21	1146.000000
7	21	1130.000000
8	21	1105.000000
9	21	815.000000
10	21	1129.000000
11	21	1157.000000
12	21	1178.000000
13	21	746.000000
14	21	1163.000000
15	21	1156.000000
16	21	1098.000000
17	21	1102.000000
18	21	1072.000000
19	21	1082.000000
20	21	1077.000000
21	21	1084.000000
22	21	1106.000000
23	21	1093.000000
24	21	1077.000000
25	21	1109.000000
26	21	1085.000000
27	21	1187.000000
28	21	1155.000000
29	21	1156.000000
30	21	1072.000000
31	21	1075.000000
32	21	1573.000000
1	22	1243.000000
2	22	1082.000000
3	22	1262.000000
4	22	1150.000000
5	22	1213.000000
6	22	1165.000000
7	22	1092.000000
8	22	1099.000000
9	22	1141.000000
10	22	810.000000
11	22	1191.000000
12	22	1160.000000
13	22	1182.000000
14	22	725.000000
15	22	1117.000000
16	22	1122.000000
17	22	1094.000000
18	22	1072.000000
19	22	1073.000000
20	22	1067.000000
21	22	1078.000000
22	22	1102.000000
23	22	1055.000000
24	22	1084.000000
25	22	1099.000000
26	22	1145.000000
27	22	1137.000000
28	22	1105.000000
29	22	1076.000000
30	22	1113.000000
31	22	1300.000000
32	22	1323.000000
1	23	1486.000000
2	23	1113.000000
3	23	1128.000000
4	23	1184.000000
5	23	1152.000000
6	23	1199.000000
7	23	1150.000000
8	23	1185.000000
9	23	1151.000000
10	23	851.000000
11	23	843.000000
12	23	846.000000
13	23	1163.000000
14	23	704.000000
15	23	731.000000
16	23	699.000000
17	23	1103.000000
18	23	1067.000000
19	23	1053.000000
20	23	1052.000000
21	23	1055.000000
22	23	1087.000000
23	23	1078.000000
24	23	1068.000000
25	23	1086.000000
26	23	1101.000000
27	23	1137.000000
28	23	1129.000000
29	23	1320.000000
30	23	1113.000000
31	23	1148.000000
32	23	1415.000000
1	24	1316.000000
2	24	1256.000000
3	24	1115.000000
4	24	1177.000000
5	24	1233.000000
6	24	1128.000000
7	24	1158.000000
8	24	1152.000000
9	24	803.000000
10	24	1177.000000
11	24	860.000000
12	24	862.000000
13	24	746.000000
14	24	1108.000000
15	24	714.000000
16	24	684.000000
17	24	1047.000000
18	24	1056.000000
19	24	1059.000000
20	24	1051.000000
21	24	1073.000000
22	24	1011.000000
23	24	1074.000000
24	24	1067.000000
25	24	1092.000000
26	24	1083.000000
27	24	1104.000000
28	24	1113.000000
29	24	1124.000000
30	24	1319.000000
31	24	1187.000000
32	24	1309.000000
1	25	1328.000000
2	25	1061.000000
3	25	1085.000000
4	25	1304.000000
5	25	1356.000000
6	25	1113.000000
7	25	1116.000000
8	25	1151.000000
9	25	1120.000000
10	25	1152.000000
11	25	1142.000000
12	25	1152.000000
13	25	1121.000000
14	25	1108.000000
15	25	1060.000000
16	25	1275.000000
17	25	1053.000000
18	25	1024.000000
19	25	1068.000000
20	25	1155.000000
21	25	1042.000000
22	25	1035.000000
23	25	1059.000000
24	25	1266.000000
25	25	1076.000000
26	25	1068.000000
27	25	1116.000000
28	25	1112.000000
29	25	1146.000000
30	25	1085.000000
31	25	1123.000000
32	25	1611.000000
1	26	1284.000000
2	26	1095.000000
3	26	1267.000000
4	26	1137.000000
5	26	1194.000000
6	26	1281.000000
7	26	1148.000000
8	26	1082.000000
9	26	1096.000000
10	26	1105.000000
11	26	1119.000000
12	26	1105.000000
13	26	1099.000000
14	26	1069.000000
15	26	1231.000000
16	26	1044.000000
17	26	1034.000000
18	26	1044.000000
19	26	1115.000000
20	26	1042.000000
21	26	1047.000000
22	26	1045.000000
23	26	1278.000000
24	26	1055.000000
25	26	1090.000000
26	26	1099.000000
27	26	1098.000000
28	26	1097.000000
29	26	1114.000000
30	26	1141.000000
31	26	1326.000000
32	26	1331.000000
1	27	1481.000000
2	27	1093.000000
3	27	1119.000000
4	27	1138.000000
5	27	1204.000000
6	27	1322.000000
7	27	1244.000000
8	27	1255.000000
9	27	1067.000000
10	27	1069.000000
11	27	1087.000000
12	27	1070.000000
13	27	1245.000000
14	27	1073.000000
15	27	1034.000000
16	27	1050.000000
17	27	1097.000000
18	27	1025.000000
19	27	1036.000000
20	27	1038.000000
21	27	1224.000000
22	27	1057.000000
23	27	1006.000000
24	27	1043.000000
25	27	1078.000000
26	27	1073.000000
27	27	1082.000000
28	27	1086.000000
29	27	1291.000000
30	27	1061.000000
31	27	1154.000000
32	27	1390.000000
1	28	1309.000000
2	28	1240.000000
3	28	1101.000000
4	28	1138.000000
5	28	1345.000000
6	28	1211.000000
7	28	1255.000000
8	28	1248.000000
9	28	1050.000000
10	28	1049.000000
11	28	1065.000000
12	28	1038.000000
13	28	1078.000000
14	28	1213.000000
15	28	1034.000000
16	28	1034.000000
17	28	1025.000000
18	28	1108.000000
19	28	1024.000000
20	28	1006.000000
21	28	994.000000
22	28	1219.000000
23	28	1023.000000
24	28	1048.000000
25	28	1065.000000
26	28	1073.000000
27	28	1085.000000
28	28	1082.000000
29	28	1142.000000
30	28	1237.000000
31	28	1148.000000
32	28	1359.000000
1	29	1326.000000
2	29	1066.000000
3	29	1053.000000
4	29	1279.000000
5	29	1338.000000
6	29	1150.000000
7	29	1099.000000
8	29	1129.000000
9	29	1057.000000
10	29	1050.000000
11	29	1046.000000
12	29	1063.000000
13	29	1048.000000
14	29	1032.000000
15	29	1023.000000
16	29	1188.000000
17	29	1006.000000
18	29	1022.000000
19	29	1017.000000
20	29	1103.000000
21	29	1021.000000
22	29	995.000000
23	29	1021.000000
24	29	1247.000000
25	29	1043.000000
26	29	1062.000000
27	29	1078.000000
28	29	1077.000000
29	29	1135.000000
30	29	1069.000000
31	29	1081.000000
32	29	1566.000000
1	30	1248.000000
2	30	1073.000000
3	30	1221.000000
4	30	1110.000000
5	30	1180.000000
6	30	1329.000000
7	30	1160.000000
8	30	1062.000000
9	30	1061.000000
10	30	1052.000000
11	30	1062.000000
12	30	1051.000000
13	30	1036.000000
14	30	1021.000000
15	30	1204.000000
16	30	1025.000000
17	30	1024.000000
18	30	1019.000000
19	30	1096.000000
20	30	1007.000000
21	30	1024.000000
22	30	1012.000000
23	30	1236.000000
24	30	1013.000000
25	30	1048.000000
26	30	1072.000000
27	30	1081.000000
28	30	1074.000000
29	30	1072.000000
30	30	1093.000000
31	30	1296.000000
32	30	1291.000000
1	31	1510.000000
2	31	1091.000000
3	31	1073.000000
4	31	1149.000000
5	31	1198.000000
6	31	1357.000000
7	31	1291.000000
8	31	1291.000000
9	31	1061.000000
10	31	1065.000000
11	31	1037.000000
12	31	1046.000000
13	31	1176.000000
14	31	1047.000000
15	31	1024.000000
16	31	1046.000000
17	31	1073.000000
18	31	1029.000000
19	31	1002.000000
20	31	1017.000000
21	31	1221.000000
22	31	1007.000000
23	31	1025.000000
24	31	1000.000000
25	31	1040.000000
26	31	1034.000000
27	31	1064.000000
28	31	1086.000000
29	31	1269.000000
30	31	1108.000000
31	31	1118.000000
32	31	1334.000000
1	32	1308.000000
2	32	1219.000000
3	32	1079.000000
4	32	1120.000000
5	32	1299.000000
6	32	1225.000000
7	32	1338.000000
8	32	1308.000000
9	32	1041.000000
10	32	1046.000000
11	32	1032.000000
12	32	999.000000
13	32	1028.000000
14	32	1165.000000
15	32	1038.000000
16	32	1038.000000
17	32	1061.000000
18	32	1082.000000
19	32	1026.000000
20	32	1006.000000
21	32	1021.000000
22	32	1227.000000
23	32	1025.000000
24	32	1027.000000
25	32	1049.000000
26	32	1035.000000
27	32	1053.000000
28	32	1051.000000
29	32	1106.000000
30	32	1243.000000
31	32	1105.000000
32	32	1295.000000
1	33	1276.000000
2	33	1056.000000
3	33	995.000000
4	33	1225.000000
5	33	1303.000000
6	33	1155.000000
7	33	1132.000000
8	33	1146.000000
9	33	1045.000000
10	33	1032.000000
11	33	1005.000000
12	33	1011.000000
13	33	994.000000
14	33	1020.000000
15	33	999.000000
16	33	1208.000000
17	33	1026.000000
18	33	1001.000000
19	33	989.000000
20	33	1098.000000
21	33	996.000000
22	33	1006.000000
23	33	995.000000
24	33	1237.000000
25	33	1027.000000
26	33	1031.000000
27	33	1024.000000
28	33	1064.000000
29	33	1095.000000
30	33	1044.000000
31	33	1089.000000
32	33	1537.000000
1	34	1254.000000
2	34	1058.000000
3	34	1182.000000
4	34	1063.000000
5	34	1145.000000
6	34	1315.000000
7	34	1203.000000
8	34	1088.000000
9	34	1057.000000
10	34	1012.000000
11	34	1002.000000
12	34	998.000000
13	34	982.000000
14	34	1039.000000
15	34	1191.000000
16	34	993.000000
17	34	992.000000
18	34	1005.000000
19	34	1085.000000
20	34	1000.000000
21	34	1000.000000
22	34	1001.000000
23	34	1207.000000
24	34	1023.000000
25	34	1057.000000
26	34	1027.000000
27	34	1040.000000
28	34	1050.000000
29	34	1063.000000
30	34	1110.000000
31	34	1312.000000
32	34	1263.000000
1	35	1427.000000
2	35	1080.000000
3	35	1048.000000
4	35	1106.000000
5	35	1129.000000
6	35	1306.000000
7	35	1308.000000
8	35	1310.000000
9	35	1039.000000
10	35	1011.000000
11	35	1003.000000
12	35	997.000000
13	35	1180.000000
14	35	1015.000000
15	35	1004.000000
16	35	999.000000
17	35	1051.000000
18	35	968.000000
19	35	1015.000000
20	35	992.000000
21	35	1194.000000
22	35	990.000000
23	35	1020.000000
24	35	1027.000000
25	35	1036.000000
26	35	1014.000000
27	35	1025.000000
28	35	1050.000000
29	35	1263.000000
30	35	1084.000000
31	35	1179.000000
32	35	1338.000000
1	36	1230.000000
2	36	1208.000000
3	36	1013.000000
4	36	1058.000000
5	36	1228.000000
6	36	1172.000000
7	36	1325.000000
8	36	1312.000000
9	36	1050.000000
10	36	1011.000000
11	36	993.000000
12	36	1011.000000
13	36	1006.000000
14	36	1169.000000
15	36	989.000000
16	36	989.000000
17	36	941.000000
18	36	1088.000000
19	36	1007.000000
20	36	1035.000000
21	36	1026.000000
22	36	1222.000000
23	36	1002.000000
24	36	1025.000000
25	36	1035.000000
26	36	1038.000000
27	36	1029.000000
28	36	1049.000000
29	36	1105.000000
30	36	1300.000000
31	36	1175.000000
32	36	1342.000000
1	37	1232.000000
2	37	990.000000
3	37	985.000000
4	37	1176.000000
5	37	1188.000000
6	37	1058.000000
7	37	1113.000000
8	37	1174.000000
9	37	1070.000000
10	37	996.000000
11	37	1020.000000
12	37	996.000000
13	37	1016.000000
14	37	984.000000
15	37	952.000000
16	37	1193.000000
17	37	932.000000
18	37	1036.000000
19	37	970.000000
20	37	1058.000000
21	37	984.000000
22	37	972.000000
23	37	976.000000
24	37	1202.000000
25	37	1031.000000
26	37	1051.000000
27	37	1034.000000
28	37	1038.000000
29	37	1102.000000
30	37	1077.000000
31	37	1140.000000
32	37	1582.000000
1	38	1131.000000
2	38	1048.000000
3	38	1125.000000
4	38	967.000000
5	38	984.000000
6	38	1237.000000
7	38	1150.000000
8	38	1120.000000
9	38	1103.000000
10	38	1044.000000
11	38	1031.000000
12	38	970.000000
13	38	944.000000
14	38	962.000000
15	38	1165.000000
16	38	972.000000
17	38	958.000000
18	38	986.000000
19	38	1099.000000
20	38	980.000000
21	38	1005.000000
22	38	1001.000000
23	38	1187.000000
24	38	999.000000
25	38	1019.000000
26	38	1024.000000
27	38	1024.000000
28	38	1034.000000
29	38	1055.000000
30	38	1116.000000
31	38	1364.000000
32	38	1217.000000
1	39	1388.000000
2	39	1032.000000
3	39	1008.000000
4	39	1022.000000
5	39	1073.000000
6	39	1225.000000
7	39	1290.000000
8	39	1323.000000
9	39	1088.000000
10	39	1011.000000
11	39	948.000000
12	39	941.000000
13	39	1155.000000
14	39	942.000000
15	39	958.000000
16	39	956.000000
17	39	1101.000000
18	39	948.000000
19	39	972.000000
20	39	978.000000
21	39	1195.000000
22	39	1008.000000
23	39	1006.000000
24	39	996.000000
25	39	1016.000000
26	39	1038.000000
27	39	1046.000000
28	39	1019.000000
29	39	1252.000000
30	39	1038.000000
31	39	1169.000000
32	39	1311.000000
1	40	1168.000000
2	40	1169.000000
3	40	1009.000000
4	40	1027.000000
5	40	1183.000000
6	40	1104.000000
7	40	1294.000000
8	40	1335.000000
9	40	1048.000000
10	40	952.000000
11	40	906.000000
12	40	933.000000
13	40	961.000000
14	40	1116.000000
15	40	1006.000000
16	40	1007.000000
17	40	975.000000
18	40	1041.000000
19	40	976.000000
20	40	979.000000
21	40	1001.000000
22	40	1212.000000
23	40	1016.000000
24	40	1037.000000
25	40	1006.000000
26	40	993.000000
27	40	1021.000000
28	40	972.000000
29	40	1041.000000
30	40	1200.000000
31	40	1179.000000
32	40	1322.000000
1	41	1166.000000
2	41	953.000000
3	41	946.000000
4	41	1179.000000
5	41	1237.000000
6	41	1033.000000
7	41	1073.000000
8	41	1181.000000
9	41	985.000000
10	41	916.000000
11	41	898.000000
12	41	942.000000
13	41	928.000000
14	41	936.000000
15	41	948.000000
16	41	1144.000000
17	41	1004.000000
18	41	1012.000000
19	41	1000.000000
20	41	1063.000000
21	41	960.000000
22	41	1004.000000
23	41	1019.000000
24	41	1197.000000
25	41	1008.000000
26	41	1022.000000
27	41	1014.000000
28	41	1026.000000
29	41	1091.000000
30	41	984.000000
31	41	1051.000000
32	41	1562.000000
1	42	1136.000000
2	42	1035.000000
3	42	1164.000000
4	42	1031.000000
5	42	1082.000000
6	42	1245.000000
7	42	1141.000000
8	42	1086.000000
9	42	970.000000
10	42	916.000000
11	42	924.000000
12	42	886.000000
13	42	912.000000
14	42	951.000000
15	42	1104.000000
16	42	979.000000
17	42	1050.000000
18	42	963.000000
19	42	1118.000000
20	42	983.000000
21	42	1029.000000
22	42	1028.000000
23	42	1220.000000
24	42	1007.000000
25	42	991.000000
26	42	1015.000000
27	42	1035.000000
28	42	948.000000
29	42	957.000000
30	42	1043.000000
31	42	1251.000000
32	42	1212.000000
1	43	1352.000000
2	43	1016.000000
3	43	1037.000000
4	43	1072.000000
5	43	1114.000000
6	43	1243.000000
7	43	1257.000000
8	43	1296.000000
9	43	1037.000000
10	43	940.000000
11	43	952.000000
12	43	878.000000
13	43	1173.000000
14	43	938.000000
15	43	1017.000000
16	43	1028.000000
17	43	1132.000000
18	43	1057.000000
19	43	1050.000000
20	43	1034.000000
21	43	1228.000000
22	43	1023.000000
23	43	1038.000000
24	43	1013.000000
25	43	1030.000000
26	43	955.000000
27	43	1001.000000
28	43	945.000000
29	43	1216.000000
30	43	1034.000000
31	43	1055.000000
32	43	1267.000000
1	44	1120.000000
2	44	1165.000000
3	44	1026.000000
4	44	1043.000000
5	44	1172.000000
6	44	1050.000000
7	44	1229.000000
8	44	1278.000000
9	44	1120.000000
10	44	968.000000
11	44	967.000000
12	44	967.000000
13	44	961.000000
14	44	1142.000000
15	44	1060.000000
16	44	1114.000000
17	44	1101.000000
18	44	1138.000000
19	44	1054.000000
20	44	1048.000000
21	44	1047.000000
22	44	1235.000000
23	44	1029.000000
24	44	1019.000000
25	44	995.000000
26	44	983.000000
27	44	1002.000000
28	44	950.000000
29	44	1103.000000
30	44	1209.000000
31	44	1081.000000
32	44	1244.000000
1	45	1075.000000
2	45	941.000000
3	45	923.000000
4	45	1127.000000
5	45	1011.000000
6	45	973.000000
7	45	1025.000000
8	45	1247.000000
9	45	1174.000000
10	45	1121.000000
11	45	1047.000000
12	45	1272.000000
13	45	1094.000000
14	45	1068.000000
15	45	1088.000000
16	45	1327.000000
17	45	1168.000000
18	45	1081.000000
19	45	1071.000000
20	45	1288.000000
21	45	1123.000000
22	45	1041.000000
23	45	1018.000000
24	45	1243.000000
25	45	1092.000000
26	45	1012.000000
27	45	1022.000000
28	45	1220.000000
29	45	1051.000000
30	45	1010.000000
31	45	984.000000
32	45	1474.000000
1	46	1004.000000
2	46	920.000000
3	46	1080.000000
4	46	890.000000
5	46	929.000000
6	46	970.000000
7	46	1179.000000
8	46	1019.000000
9	46	1087.000000
10	46	1156.000000
11	46	1369.000000
12	46	1128.000000
13	46	1139.000000
14	46	1166.000000
15	46	1313.000000
16	46	1101.000000
17	46	1116.000000
18	46	1133.000000
19	46	1300.000000
20	46	1086.000000
21	46	1084.000000
22	46	1122.000000
23	46	1282.000000
24	46	1055.000000
25	46	1030.000000
26	46	1086.000000
27	46	1252.000000
28	46	1025.000000
29	46	1035.000000
30	46	1062.000000
31	46	1315.000000
32	46	1190.000000
1	47	1171.000000
2	47	823.000000
3	47	915.000000
4	47	976.000000
5	47	1131.000000
6	47	1010.000000
7	47	1038.000000
8	47	1078.000000
9	47	1273.000000
10	47	1174.000000
11	47	1184.000000
12	47	1198.000000
13	47	1375.000000
14	47	1180.000000
15	47	1192.000000
16	47	1163.000000
17	47	1364.000000
18	47	1206.000000
19	47	1187.000000
20	47	1199.000000
21	47	1378.000000
22	47	1185.000000
23	47	1174.000000
24	47	1170.000000
25	47	1335.000000
26	47	1163.000000
27	47	1138.000000
28	47	1127.000000
29	47	1338.000000
30	47	1117.000000
31	47	1144.000000
32	47	1330.000000
1	48	906.000000
2	48	1024.000000
3	48	944.000000
4	48	1027.000000
5	48	1037.000000
6	48	1245.000000
7	48	1114.000000
8	48	1147.000000
9	48	1222.000000
10	48	1461.000000
11	48	1271.000000
12	48	1280.000000
13	48	1296.000000
14	48	1571.000000
15	48	1328.000000
16	48	1360.000000
17	48	1340.000000
18	48	1561.000000
19	48	1264.000000
20	48	1248.000000
21	48	1213.000000
22	48	1513.000000
23	48	1236.000000
24	48	1229.000000
25	48	1225.000000
26	48	1452.000000
27	48	1243.000000
28	48	1195.000000
29	48	1246.000000
30	48	1567.000000
31	48	1339.000000
32	48	1438.000000
